ID,蜷榊燕,繝｡繝ｼ繝ｫ,隧穂ｾ｡,繧ｳ繝｡繝ｳ繝
1,縺溘°縺ｵ縺ｿ,taka@aaa,5,縺?∪縺上〒縺阪◆縲
ID,蜷榊燕,繝｡繝ｼ繝ｫ,隧穂ｾ｡,繧ｳ繝｡繝ｳ繝
1,"Takafumi Suzuki",test@php.com,1,縺ｧ縺阪↑縺九▲縺溘?
ID,蜷榊燕,繝｡繝ｼ繝ｫ,隧穂ｾ｡,繧ｳ繝｡繝ｳ繝
1,"Takafumi Suzuki",test@php.com,1,縺ｧ縺阪↑縺九▲縺溘?
